# nothing

[/home/bryan/Dropbox/Books/Programming/C/Advanced_Programming_in_the_UNIX_Environment_(Stevens).pdf]
page=503
offset=0
scale=2.6296018031555217
rotate=0
pages-per-row=1
first-page-column=1:2
position-x=0.66549295774647887
position-y=0.48696038605240494
time=1501884180
jumplist=41 0.072104018912529599 0.039983671928254493 399 0.5 0.38624274661508706 400 0.30284191829484908 0.38714549642248808 458 0.49998257886899861 0.44342359767891681 479 0.49998257886899861 0.46373349282113213 479 1.4537037037037037 0.46367983849183142 239 0.49998257886899861 0.23162517560643195 239 0.5 0.23173248426503348 253 0.49998257886899861 0.24516482744395612 254 0.5455177206393329 0.24621632373654287 484 0.7499912974923767 0.46814671814671815 483 0.49968132568514978 0.46809023867314498 483 0.49968132568514978 0.46794259006943933 497 0.25 0.48147641831852361 483 0.49968132568514978 0.46794259006943933 483 0.49968132568514978 0.46823788727685062 758 0.75 0.73244166928377452 895 0.25 0.86564630248840779 964 0.75 0.93128336812547341 998 0.75 0.96410190094400627 1015 0.25 0.98147641831852372 1024 0.75 0.98919842604053132 1028 0.75 0.99305942990153506 1030 0.75 0.9949899318320371 1031 0.25 0.9969204337625388 1030 0.75 0.9949899318320371 1024 0.75 0.98919842604053132 0 0.5 0.00096525096525096527 458 0.7499912974923767 0.44305019305019305 465 0.5 0.45077220077220076 468 0.6185973207249803 0.45232207598445329 479 0.24999129749237675 0.46428654744715692 479 0.38237608182533434 0.46433858193199573 479 0.24999129749237675 0.46428654744715692 484 0.72617946345975948 0.46749959671123553 567 0.24999129749237675 0.5492286323892418 568 0.72617946345975948 0.54954993731564949 484 0.7499912974923767 0.46814671814671815 483 0.49968132568514978 0.46870114782353828 483 0.27382053654024052 0.46803961650458215 484 0.72617946345975948 0.46900353128380573 483 0.27382053654024052 0.46803961650458215 486 0.72617946345975948 0.47093136084225296 483 0.27382053654024052 0.46803961650458215 485 0.38237608182533434 0.46958683703049597 483 0.38237608182533434 0.46812813094837591 488 0.61762391817466566 0.47204840354407368 483 0.38237608182533434 0.46812813094837591 495 0.5 0.47972972972972971 483 0.38237608182533434 0.46812813094837591 495 0.5 0.47972972972972971 483 0.38237608182533434 0.46812813094837591 495 0.5 0.47972972972972971 483 0.38237608182533434 0.46812813094837591 495 0.5 0.47972972972972971 497 0.38237608182533434 0.4810060975515848 483 0.38237608182533434 0.46812813094837591 484 0.49968132568514978 0.46799906954301246 483 0.49968132568514978 0.46799906954301246 484 0.50031867431485022 0.46807289384486528 487 0.21916583192860464 0.4715214957317006 488 0.58144521475632494 0.47193974736429745 490 0.61054514671975069 0.47390201648117231 510 0.59812287973378531 0.49331029573360136 513 0.10571656709998933 0.4975200792044156 529 0.24919037959189413 0.51196393110971872 529 0.21330843760759086 0.51304946590591527 529 0.24919037959189413 0.51196393110971872 513 0.10571656709998933 0.4975200792044156 510 0.59812287973378531 0.49331029573360136 490 0.61054514671975069 0.47390201648117231 488 0.58144521475632494 0.47193974736429745 487 0.21916583192860464 0.4715214957317006 484 0.59810413957073372 0.46789518437620775 484 0.79716364812105933 0.46829895415637635 483 0.49968132568514978 0.46822512985452353 484 0.62283815675770138 0.46789518437620775 484 0.49968132568514978 0.46789518437620775 484 0.79716364812105933 0.46829895415637635 484 0.62283815675770138 0.46789518437620775 484 0.39475713184271399 0.46834140523116113 484 0.50075861189816107 0.46883831218423178 484 0.82885505758279765 0.46882221069019081 484 0.26639342689728907 0.46882221069019081 484 0.71129287384490314 0.46880593476329779 484 0.26639342689728907 0.46882221069019081 484 0.82885505758279765 0.46882221069019081 484 0.50075861189816107 0.46883831218423178 485 0.15603833447546672 0.46910892251112324 485 0.50136592439196292 0.46969809111741367 485 0.50136592439196292 0.46971151141136552 485 0.50136592439196292 0.46969809111741367 485 0.15603833447546672 0.46910892251112324 484 0.50075861189816107 0.46883831218423178 484 0.82885505758279765 0.46882221069019081 484 0.26639342689728907 0.46882221069019081 484 0.71129287384490314 0.46880593476329779 485 0.39475713184271399 0.46929899201436781 484 0.60524286815728601 0.46835897068300725 486 0.5003182686187142 0.47037638825927863 485 0.5 0.46989265966321414 486 0.5 0.46989265966321414 484 0.58757485029940115 0.4683797640941727 485 0.5 0.46928179278275983 484 0.5 0.46831467479436528 485 0.5 0.46928179278275983 484 0.5 0.46831467479436528 484 0.41242514970059885 0.46831467479436539 485 0.5 0.46928179278275983 484 0.5 0.46831467479436528 485 0.5 0.46928179278275983 484 0.5 0.46831467479436528 485 0.5 0.46928179278275983 484 0.5 0.46831467479436528 484 0.58757485029940115 0.4683363712276345 484 0.41242514970059885 0.4683580676609036 484 0.49998257886899861 0.46856866537717601 485 0.39522342064714944 0.46946259353775716 484 0.39522342064714944 0.46834518333703068 489 0.5 0.47315716505853023 484 0.39522342064714944 0.46834518333703068 484 0.60477657935285056 0.46841222794907428 758 0.5 0.73331190393667334 621 0.5 0.6008167395266153 689 0.5 0.66658076273744693 655 0.5 0.63369875113203111 638 0.5 0.6172577453293232 629 0.5 0.60855368343377192 625 0.5 0.6046852114801935 617 0.5 0.59694826757303698 486 0.49998257886899861 0.47050331873989421 486 1.4537037037037037 0.47055697306919508 484 0.39522342064714944 0.46834518333703068 484 0.60477657935285056 0.46836753154104521 486 0.49998257886899861 0.47047175308332861 486 1.4537037037037037 0.47052540741262938 484 0.49998257886899861 0.46853709972061036 484 0.39522342064714944 0.46834492380575138 490 0.5 0.47407592714750507 484 0.60477657935285056 0.46876953968202745 484 0.60477657935285056 0.46836727200976591 484 0.60477657935285056 0.46876953968202745 484 0.60477657935285056 0.46863545045794031 484 0.45957752458280327 0.46847494272852969 484 0.39522342064714944 0.46851963913655875 484 0.45957752458280327 0.46847494272852969 484 0.39522342064714944 0.46860903195261688 484 0.45957752458280327 0.46847494272852969 484 0.60477657935285056 0.46849729093254422 484 0.54625731830373592 0.46847494272852969 484 0.72372600551199995 0.46847494272852969 484 0.46668515661116955 0.46850719830519499 484 0.45643834937069716 0.46875535727661488 484 0.46426699512989522 0.46882240410369458 484 0.81090754424527245 0.46883850982430963 484 0.34937406779896824 0.46885461554492464 484 0.45532799965617776 0.46888682698615464 485 0.48740011210060175 0.46986238313388812 486 0.53304173049541026 0.47019511160216998 485 0.48740011210060175 0.46986238313388812 484 0.45532799965617776 0.46888682698615464 484 0.34937406779896824 0.46885461554492464 484 0.81090754424527245 0.46883850982430963 484 0.46426699512989522 0.46882240410369458 484 0.45643834937069716 0.46875535727661488 484 0.46668515661116955 0.46850719830519499 484 0.72372600551199995 0.46847494272852969 484 0.54625731830373592 0.46847494272852969 484 0.8109055546099273 0.46845887534389857 427 0.36712277983882335 0.413330116376876 484 0.8109055546099273 0.46845887534389857 484 0.39522342064714944 0.46834713432382596 484 0.26520401339467414 0.46826946684123377 484 0.39522342064714944 0.46835885965729185 463 0.22570939283812591 0.44839396210443105 484 0.26520401339467414 0.46826946684123377 484 0.60477657935285056 0.46864938630948072 484 0.39522342064714944 0.46844825247334992 485 0.60477657935285056 0.46931983242991659 484 0.39522342064714944 0.46844825247334992 483 0.39522342064714944 0.46746493149671065 484 0.39522342064714944 0.46834518333703068 486 0.39522342064714944 0.47026712888228023 486 0.60477657935285056 0.47028947708629476 486 0.39522342064714944 0.47078850849830439 484 0.39522342064714944 0.46834518333703068 486 0.60477657935285056 0.4707499573060453 484 0.39522342064714944 0.46834518333703068 487 0.60477657935285056 0.47141498851097513 346 0.49998257886899861 0.33507481732215777 346 1.4537037037037037 0.33512847165145854 487 0.60477657935285056 0.47141498851097513 488 0.33418150975402883 0.47230016270144443 488 0.66581849024597117 0.47257867869217435 490 0.66581849024597117 0.47428358580937013 488 0.66581849024597117 0.47257867869217435 490 0.33418150975402883 0.47453013093785257 484 0.39522342064714944 0.46834518333703068 490 0.33418150975402883 0.47453013093785257 484 0.39522342064714944 0.46834518333703068 490 0.33418150975402883 0.47453013093785257 484 0.39522342064714944 0.46834518333703068 490 0.33418150975402883 0.47453013093785257 491 0.19847328244274809 0.47536629195049374 484 0.39522342064714944 0.46834518333703068 490 0.33418150975402883 0.47453013093785257 484 0.39522342064714944 0.46834518333703068 490 0.33418150975402883 0.47453013093785257 484 0.39522342064714944 0.46834518333703068 485 0.80152671755725191 0.46974698268175286 490 0.33418150975402883 0.47453013093785257 490 0.19847328244274809 0.4745477212045261 490 0.80152671755725191 0.47457231417548612 494 0.19847328244274809 0.47872852626773171 494 0.32869783453386525 0.47852019397452383 484 0.3457830582764963 0.46868533463858164 335 0.61123348752986084 0.32477574842179258 111 0.81733116161020447 0.10813693495578101 111 0.80152671755725191 0.10818612089770104 335 0.61123348752986084 0.32477574842179258 484 0.3457830582764963 0.46868533463858164 494 0.32869783453386525 0.47852019397452383 495 0.19847328244274809 0.47881530962604402 484 0.39522342064714944 0.46834518333703068 485 0.80152671755725191 0.46976870163644396 495 0.80152671755725191 0.47874153071316405 494 0.19847328244274809 0.47871693774220403 494 0.25083664130665184 0.47786498281529594 493 0.19847328244274809 0.47756986716377547 492 0.32193316871471778 0.4763576985655335 493 0.80152671755725191 0.47741519631681517 938 0.49998257886899861 0.90764023210831724 938 0.731990704879938 0.90778374646377846 960 0.67799507547827698 0.92848998855634524 960 0.12177295648696396 0.92903228918458514 960 0.731990704879938 0.9293243342696067 495 0.64938879181268416 0.47939237177697824 495 0.58874707355716283 0.47934269999737728 483 0.34568102708188031 0.46776200085064568 483 0.731990704879938 0.46760474580486477 960 0.731990704879938 0.9293243342696067 961 0.731990704879938 0.92990842443964994 962 0.39102187090029888 0.9308450304531285 961 0.731990704879938 0.92990842443964994 502 0.49998257886899861 0.48597678916827852 514 0.5 0.49736073347699616 502 0.66549295774647887 0.48598959372008271 484 0.39522342064714944 0.46834518333703068 502 0.66549295774647887 0.48598959372008271 484 0.39522342064714944 0.46834518333703068 488 0.66549295774647887 0.4725322855304116 490 0.60350144300060315 0.47469156539192131 495 0.66549295774647887 0.47900121691779213 502 0.66549295774647887 0.48598959372008271 502 0.66549295774647887 0.48597999139249143 503 0.66549295774647887 0.48671528738742664 503 0.33450704225352113 0.48693996116365684 

[/home/bryan/Dropbox/Books/Programming/C/C_Programming_Language-(Kernighan).pdf]
page=0
offset=0
scale=1.004750593824228
rotate=0
pages-per-row=1
first-page-column=1:2
position-x=0.5
position-y=0.0021008403361344537
time=1501732017
jumplist=

[/home/bryan/Dropbox/Books/Programming/Tools/Linux Command Line and Shell Scripting - (Christine Bresnahan) - (2015).pdf]
page=130
offset=0
scale=0.97030878859857483
rotate=0
pages-per-row=1
first-page-column=1:2
position-x=0.63347951802031677
position-y=0.14670445003698671
time=1501821451
jumplist=0 0.5 0.00056242969628796406 130 0.63347951802031677 0.14670445003698671 130 0.67482220782010116 0.14696329825369583 132 0.47031162833440493 0.14938947432078067 132 0.49381325305618978 0.14941734156020811 133 0.36653821066426406 0.15037691939480069 786 0.09521112253831493 0.88450782473165768 786 0.5 0.88439781388183791 130 0.63347951802031677 0.14670445003698671 130 0.67482220782010116 0.14696329825369583 132 0.47031162833440493 0.14938947432078067 132 0.49381325305618978 0.14941734156020811 133 0.36653821066426406 0.15037691939480069 786 0.09521112253831493 0.88450782473165768 130 0.63347951802031677 0.14670445003698671 

[/home/bryan/Dropbox/Books/Programming/C/APUE_Test.pdf]
page=503
offset=0
scale=2.6308958970608582
rotate=0
pages-per-row=1
first-page-column=1:2
position-x=0.33497536945812811
position-y=0.4867798317880232
time=1501884951
jumplist=0 0.5 0.00048355899419729202 503 0.5 0.48694390715667313 503 0.20986338578571417 0.48679887315163789 503 0.17529715523376621 0.4870948367844124 504 0.75361941876623428 0.48761839835087145 503 0.17529715523376621 0.4870948367844124 503 0.20986338578571417 0.48679887315163789 
